292
291
291
291
290
290
290
290
291
291
291
292
292
292
292
293
292
291
291
293
292
291
291
293
293
291
292
294
292
291
293
295
293
292
294
295
293
293
295
295
293
294
296
296
295
295
297
297
296
297
300
299
298
300
303
302
301
303
304
303
302
304
303
301
299
300
299
296
295
296
295
293
292
293
292
290
291
291
290
287
286
286
285
287
299
315
333
353
366
368
362
352
342
331
320
313
309
303
297
293
291
287
283
282
281
279
277
278
279
278
277
279
280
280
280
283
286
286
288
292
294
295
298
303
306
308
312
317
319
320
323
327
327
327
329
330
328
325
325
324
320
316
315
312
307
303
301
298
293
289
288
284
280
279
278
275
272
272
272
271
269
271
272
272
271
274
276
276
277
281
283
283
284
288
290
289
291
294
295
295
297
299
299
298
300
302
301
300
302
303
303
302
304
305
304
304
306
306
305
306
308
308
306
307
309
309
308
309
311
311
311
312
314
315
314
316
319
318
317
319
319
318
317
316
316
312
311
312
310
308
308
309
307
304
305
306
305
304
304
304
301
299
301
304
310
324
344
364
377
381
379
370
359
348
340
333
325
321
319
314
309
308
306
303
300
300
301
298
297
298
299
297
296
299
299
299
300
302
304
304
305
309
311
311
315
319
320
321
324
328
328
328
330
332
330
328
329
328
324
320
319
316
311
307
305
301
296
294
293
289
285
284
285
282
280
279
280
278
277
279
279
278
277
279
281
280
279
282
282
282
282
284
285
283
285
286
286
285
286
288
287
286
287
288
287
286
288
289
288
287
289
290
290
290
293
294
292
294
296
296
295
297
299
298
297
298
299
297
295
295
295
293
291
292
292
290
289
290
290
288
288
290
289
288
288
289
287
285
287
293
302
317
338
360
372
374
370
361
350
339
331
325
318
313
311
308
303
300
299
297
294
293
294
292
291
291
294
293
292
293
295
296
295
298
301
301
303
306
309
310
312
316
318
318
320
323
324
324
325
327
326
323
322
321
319
315
312
310
306
301
299
296
292
288
287
285
281
279
280
279
276
276
277
277
275
276
278
277
276
277
279
279
278
280
282
281
281
284
285
283
284
286
287
286
285
288
288
287
287
289
289
288
289
291
291
289
291
293
292
291
292
293
291
290
291
292
290
290
292
292
291
291
293
293
292
292
295
294
293
294
296
296
295
296
298
297
296
298
300
300
299
302
303
302
303
306
307
306
306
308
308
307
307
308
306
304
304
304
302
300
301
302
300
298
300
300
298
298
299
299
298
296
297
296
294
299
310
326
344
365
380
383
377
369
360
348
338
332
327
321
315
312
309
304
301
300
298
295
294
295
293
291
291
293
292
291
292
295
295
294
297
300
300
301
305
308
309
310
314
318
319
320
323
325
324
324
326
325
322
321
321
317
313
310
309
304
299
297
295
291
287
286
285
282
279
279
279
276
275
277
276
275
275
277
277
276
277
279
279
278
279
282
282
281
282
284
283
283
285
287
285
286
288
289
287
288
289
289
287
288
290
290
288
289
291
291
289
290
292
291
290
292
293
292
291
292
294
293
292
294
295
293
293
295
296
294
294
296
296
294
295
297
296
295
296
298
297
296
297
298
297
296
298
299
297
297
298
299
297
297
299
299
298
298
299
299
298
298
301
300
299
300
301
301
301
303
305
303
303
304
305
303
302
304
303
301
300
301
300
299
298
300
299
297
298
299
298
296
296
296
294
293
298
307
320
338
358
372
371
365
358
348
337
328
322
318
312
308
307
304
300
299
298
296
294
294
295
293
292
293
294
293
292
295
296
296
297
299
301
301
303
307
308
309
312
316
318
318
321
324
325
324
326
327
325
323
323
322
318
314
313
310
305
301
299
296
291
288
288
285
281
280
280
278
276
276
277
275
274
276
277
276
275
277
278
278
278
280
281
280
281
283
284
283
283
285
286
284
285
287
286
285
285
287
286
284
286
287
285
284
285
286
284
283
285
285
283
283
284
283
281
282
283
283
280
282
283
281
281
282
283
282
282
284
286
286
286
288
290
291
291
295
296
296
298
300
301
300
300
302
300
298
299
300
299
297
299
300
299
298
299
301
299
299
301
301
298
297
300
303
310
324
343
360
370
371
367
358
347
338
331
324
318
316
315
311
308
308
307
304
303
304
304
302
301
303
303
302
303
305
305
304
306
309
310
310
313
316
317
317
321
324
326
327
331
333
333
334
336
337
335
334
334
333
328
326
324
320
315
312
311
306
301
298
297
293
289
288
287
285
282
283
283
281
279
281
281
279
280
281
281
280
281
283
282
281
283
285
284
283
284
286
285
284
286
288
286
286
288
288
287
287
289
289
288
288
290
290
288
290
292
292
291
293
296
296
295
298
300
300
300
303
304
303
302
304
304
301
300
300
299
296
296
297
296
294
294
295
294
292
293
295
293
292
292
292
291
291
298
310
325
343
362
370
368
360
352
342
330
323
319
314
309
306
305
302
298
298
298
295
293
294
295
293
292
294
295
294
295
297
298
298
299
303
304
304
307
311
314
314
318
322
323
324
327
329
329
329
330
331
328
325
325
323
319
316
314
310
305
302
300
297
292
290
290
287
284
283
283
281
279
279
280
278
277
279
279
278
278
280
281
279
279
282
283
281
282
284
285
283
284
286
286
285
286
288
287
286
288
289
288
287
289
291
289
289
291
291
290
290
292
292
291
291
294
293
292
293
295
295
293
294
296
295
294
296
297
296
296
297
299
297
298
301
301
301
301
303
304
303
304
306
306
304
305
307
305
302
303
302
300
298
299
299
296
294
295
295
293
291
293
292
290
290
290
288
286
287
291
299
312
332
353
368
371
369
361
350
339
332
326
319
313
311
307
302
300
299
297
294
293
293
292
290
290
292
291
290
293
295
294
294
297
300
299
301
304
307
307
309
314
317
318
320
323
325
325
327
329
329
326
327
327
324
320
319
317
313
308
306
304
299
295
294
292
288
285
286
284
281
280
281
281
279
279
281
280
279
280
282
281
281
282
284
283
283
284
286
285
284
287
287
286
286
288
288
286
287
289
289
287
288
289
288
288
288
290
289
288
290
291
290
289
290
292
291
289
292
292
291
291
293
294
292
292
294
294
293
294
296
295
294
295
296
296
295
297
298
297
296
299
300
299
299
301
303
302
303
305
305
304
304
306
306
303
304
304
302
300
300
301
299
298
299
299
297
296
298
298
296
296
297
298
294
293
294
295
299
310
328
348
366
379
382
375
365
355
346
336
328
323
319
313
308
306
304
299
296
296
295
292
291
292
291
290
290
291
291
290
292
294
295
294
297
300
301
302
306
309
310
311
316
318
319
320
323
324
323
323
324
323
320
319
318
314
310
307
305
301
296
294
292
289
285
284
283
280
278
279
279
276
276
277
278
276
276
278
278
277
278
280
280
279
281
282
282
281
283
284
283
282
284
285
283
283
285
285
284
284
286
285
284
285
287
286
285
286
288
287
286
287
289
288
287
289
290
289
289
291
291
290
290
292
293
291
292
294
294
292
293
295
295
294
295
296
296
294
296
298
297
296
298
300
299
299
302
303
303
303
305
306
304
305
307
306
303
303
303
302
300
300
300
299
297
298
299
297
296
297
298
296
295
296
295
293
292
296
304
315
334
356
373
376
375
368
357
345
336
329
322
316
313
310
305
301
300
298
295
293
293
293
290
290
292
291
290
291
293
293
292
294
297
297
297
300
303
304
305
309
312
313
315
319
320
321
322
324
325
322
322
322
321
317
315
313
309
304
302
301
296
292
290
289
286
282
282
281
279
277
278
278
276
276
278
277
277
277
279
279
278
279
282
281
281
282
284
284
283
284
285
285
284
286
287
286
285
287
288
286
286
288
288
287
287
289
289
287
288
290
290
288
289
291
290
289
291
292
292
291
293
295
294
294
297
298
297
299
301
303
302
303
305
305
303
303
304
302
299
299
299
297
295
296
296
294
293
294
295
293
292
294
294
291
290
291
291
292
300
314
332
349
364
370
365
355
346
337
326
318
315
312
307
303
303
301
298
296
297
296
293
294
295
294
293
294
296
296
295
297
299
300
300
303
305
306
306
310
313
315
316
320
322
323
324
328
328
327
327
329
327
324
322
321
318
313
310
308
303
299
297
295
290
287
286
285
282
280
280
280
277
277
278
278
276
277
279
279
277
278
281
280
280
281
283
283
282
284
285
284
284
286
287
285
285
287
288
286
286
288
288
287
288
289
289
288
289
291
290
290
291
293
291
291
293
295
295
295
298
299
298
299
302
303
303
303
305
305
303
304
304
302
299
299
299
297
295
296
296
294
293
294
295
292
292
294
295
292
290
292
292
292
299
313
330
347
364
372
369
359
350
341
331
322
318
315
309
306
304
303
300
297
298
297
294
295
296
296
294
294
296
297
296
297
300
300
300
303
306
306
307
311
314
315
316
320
323
323
324
327
328
327
327
329
327
324
323
321
318
314
311
309
305
300
299
296
292
289
288
287
284
281
282
281
279
278
280
279
278
278
280
280
279
280
282
282
280
282
284
283
283
284
286
284
283
286
287
285
284
287
287
286
285
287
288
286
287
288
288
287
288
289
289
288
289
291
290
289
291
292
291
290
292
293
292
291
293
294
293
293
295
295
294
294
296
296
294
295
297
296
296
298
300
300
298
301
303
302
302
305
305
304
304
306
306
304
303
303
302
300
300
301
299
298
298
298
297
296
297
298
296
296
296
296
294
293
296
304
313
330
352
370
377
377
371
361
349
340
333
326
320
315
312
307
303
301
300
296
293
294
293
291
290
291
291
290
289
292
293
292
293
296
297
297
299
303
304
305
309
312
313
315
318
321
321
321
324
326
324
323
324
322
318
316
315
312
307
304
302
299
293
292
291
287
284
283
283
280
278
279
279
277
276
278
278
277
277
279
280
278
279
281
281
281
282
284
283
282
284
285
285
284
285
286
285
284
286
287
285
285
287
287
286
286
287
287
286
286
288
288
287
287
289
289
288
289
290
290
288
290
292
291
290
292
294
293
292
294
295
294
294
296
297
296
296
299
298
297
299
302
302
301
302
305
304
305
307
308
307
307
308
309
307
307
308
307
304
303
304
303
301
301
302
301
298
299
301
299
298
298
299
298
295
295
297
299
308
325
345
363
377
382
378
367
356
347
338
329
323
320
315
308
306
304
300
297
296
296
293
291
291
292
290
290
291
292
291
291
294
296
295
297
300
302
302
305
309
311
311
315
319
320
320
323
325
324
323
324
324
322
319
319
316
311
308
306
303
298
295
294
293
287
286
287
282
278
278
279
277
