
271
⸮402
399
396
393
390
388
386
384
382
380
377
375
373
371
369
367
364
361
353
350
343
337
333
331
327
323
321
322
319
314
313
314
312
310
311
311
310
309
309
310
307
307
310
310
307
309
312
314
315
319
324
325
324
322
323
322
321
321
321
318
313
312
312
309
304
301
301
298
295
295
294
292
291
291
291
290
290
291
292
293
293
295
295
294
297
298
297
297
296
295
296
296
297
297
297
295
297
297
295
294
296
297
297
298
301
302
301
301
302
303
303
305
308
307
307
308
309
307
305
305
305
302
300
299
298
294
291
291
290
287
285
286
286
285
284
284
283
283
288
297
311
329
348
359
358
351
344
336
327
320
319
318
315
314
314
314
312
311
312
310
307
305
304
302
299
299
300
297
296
297
298
297
296
299
300
300
301
305
307
307
309
313
315
315
316
319
318
316
316
317
314
310
309
308
304
300
298
297
292
289
289
288
285
283
284
283
281
280
282
281
280
280
282
281
280
281
283
282
281
283
284
283
282
284
285
284
283
285
285
283
283
284
285
284
285
287
287
287
288
290
290
290
291
293
292
291
291
291
288
286
285
285
282
280
281
281
279
278
280
279
278
278
280
280
277
277
278
279
282
293
310
327
343
352
352
344
334
326
318
309
304
301
299
295
293
293
291
289
289
290
290
288
288
290
290
290
292
294
293
293
296
299
299
300
303
306
307
309
313
316
316
318
321
322
322
322
323
322
319
318
317
314
309
307
305
301
297
295
293
289
286
286
284
282
280
281
280
278
278
279
278
277
278
279
280
278
280
282
281
281
282
284
283
282
283
284
283
282
284
284
282
282
285
286
285
286
288
289
289
290
293
293
292
294
296
295
294
294
295
292
290
291
290
288
287
288
288
286
285
287
287
285
285
287
286
284
284
287
290
298
315
334
349
357
358
352
342
331
324
318
312
306
305
302
298
296
296
294
291
290
292
291
289
289
291
291
290
291
293
293
294
296
299
299
301
304
307
308
310
314
316
316
317
320
321
320
320
320
319
315
314
313
309
305
303
302
297
293
292
290
287
285
284
284
281
280
281
280
278
278
280
280
278
279
280
280
280
280
282
282
281
283
285
284
284
286
288
288
289
291
293
293
294
297
297
297
298
301
300
299
299
300
298
295
295
295
293
291
291
291
289
288
289
290
288
287
289
290
287
285
286
287
288
297
312
330
347
361
364
359
349
339
331
322
315
311
309
304
300
299
298
294
293
293
292
290
290
291
291
290
291
293
294
293
295
298
298
299
302
305
306
308
311
314
315
316
320
321
320
320
321
321
317
316
314
311
307
303
301
297
292
290
288
285
281
280
280
277
275
276
276
275
273
275
275
275
275
277
278
277
278
280
280
280
281
283
284
283
284
287
286
285
287
289
288
287
289
290
289
288
290
291
290
290
292
292
291
292
293
293
292
293
294
293
293
294
296
294
293
295
297
295
295
296
297
296
296
298
298
297
296
299
299
297
298
299
299
298
298
300
299
298
300
301
300
299
301
301
300
299
301
301
300
299
301
301
300
300
302
301
300
300
302
301
300
301
302
301
300
301
302
301
300
301
302
301
300
301
302
300
299
301
301
300
300
301
302
300
301
303
303
302
303
305
304
302
304
305
303
301
301
302
300
299
300
300
298
298
300
299
297
297
299
297
294
295
299
305
317
335
355
371
375
374
367
356
345
338
332
324
319
316
312
306
303
302
299
296
294
294
293
290
290
292
291
289
291
293
292
292
294
297
297
298
301
304
304
305
309
312
312
313
316
318
317
317
319
318
316
315
315
311
307
306
304
299
295
294
292
288
285
284
282
280
277
278
277
275
275
276
275
274
275
276
276
275
276
278
278
277
279
281
280
280
281
282
282
281
283
284
283
282
284
285
283
284
286
285
284
285
287
287
285
286
288
288
286
287
289
288
288
290
290
289
289
291
291
290
290
292
293
291
292
294
293
292
293
295
295
293
295
296
295
294
296
297
296
295
297
298
296
296
298
298
297
297
299
299
297
298
300
299
298
298
300
299
298
299
300
299
298
300
301
299
299
300
301
299
299
301
301
300
299
301
301
300
301
303
303
303
304
305
304
303
304
305
303
301
302
303
301
300
301
301
299
299
301
300
299
297
298
297
296
299
310
324
341
361
375
377
372
364
355
344
335
330
325
319
314
312
309
303
301
300
298
295
294
295
293
291
292
294
293
292
293
295
295
296
298
301
301
302
306
309
309
311
315
317
317
318
320
321
319
319
320
318
314
313
311
308
303
301
299
295
290
289
288
284
281
281
280
277
276
277
277
275
275
277
277
275
276
278
278
277
278
280
280
279
281
283
282
281
283
284
283
283
285
286
284
284
286
287
285
285
288
287
286
286
288
288
286
288
289
289
288
289
291
289
289
290
291
291
290
292
293
291
291
293
293
292
292
295
294
293
294
295
295
294
295
296
295
294
296
297
296
295
297
298
296
296
297
298
297
297
298
298
297
297
299
298
297
298
300
299
298
298
300
299
298
300
301
301
301
302
304
302
301
304
303
301
301
301
301
299
299
300
299
298
298
299
298
297
298
298
295
293
295
301
309
325
346
366
375
376
372
363
351
342
336
329
322
317
314
310
305
303
302
298
295
295
294
292
291
292
292
291
290
292
294
293
294
296
298
299
301
304
306
307
309
313
315
315
318
320
320
319
321
321
319
316
315
314
309
305
304
300
296
293
291
288
284
282
282
280
277
276
277
275
274
274
275
274
273
275
276
275
276
277
278
277
278
280
281
280
279
280
281
282
281
282
283
283
283
284
285
285
285
286
286
286
287
288
288
287
288
289
289
289
289
290
290
289
290
290
290
290
291
292
292
292
292
293
292
292
293
294
293
294
296
296
296
297
299
299
298
299
299
298
298
297
298
296
296
296
296
296
295
296
296
295
295
296
294
292
292
294
300
311
329
349
366
370
368
362
352
342
333
326
320
315
312
309
305
302
301
299
296
295
295
294
293
292
293
293
292
293
294
295
296
297
299
300
301
304
307
308
310
313
316
317
318
321
322
322
322
322
321
318
316
313
310
306
302
300
296
292
290
288
285
282
280
279
277
274
274
274
272
271
272
272
271
272
273
272
273
273
274
275
275
277
278
278
278
280
281
281
282
282
283
283
283
285
286
285
286
287
287
287
287
289
289
289
289
291
292
293
294
295
296
297
299
301
301
302
303
304
303
303
302
301
300
299
298
297
295
295
295
294
293
293
294
293
292
293
293
291
289
289
291
295
306
323
342
358
364
363
356
346
336
327
320
314
310
307
304
301
300
299
297
295
295
295
294
294
294
296
295
295
297
298
299
299
301
303
304
306
309
311
313
315
318
320
321
323
325
326
326
327
327
325
323
321
319
315
311
309
307
302
298
296
293
290
288
287
285
283
282
281
281
280
279
280
280
279
280
280
280
280
281
283
282
283
284
285
285
285
286
287
287
287
288
289
288
288
289
289
289
289
290
290
290
290
291
292
292
293
295
295
296
298
299
299
301
302
302
302
302
303
302
300
300
299
298
296
295
296
294
293
293
293
292
291
292
291
291
290
288
288
287
290
300
315
334
354
368
370
365
357
348
336
327
321
316
311
307
304
302
298
296
295
294
292
291
291
291
290
291
292
292
292
293
296
296
297
300
302
304
306
309
312
313
316
318
321
322
323
325
325
325
324
323
321
318
315
313
309
305
302
299
296
292
290
289
286
283
282
282
280
279
279
279
278
278
278
279
278
278
279
280
280
281
282
282
282
283
284
285
284
285
286
286
286
287
288
287
287
288
289
288
288
289
289
289
289
290
290
290
290
291
291
290
291
292
291
292
292
293
293
293
293
294
294
293
295
295
295
297
298
298
298
299
301
302
301
302
303
303
302
302
303
301
300
299
299
298
297
297
297
296
295
296
296
295
294
295
295
294
292
292
292
293
302
317
335
355
371
376
373
364
354
345
335
328
322
317
312
308
305
302
299
297
295
293
292
291
291
291
290
290
292
291
291
293
295
295
296
298
301
302
304
307
309
311
313
316
318
318
319
321
320
319
318
318
315
311
309
307
303
299
296
294
290
287
285
283
281
278
278
277
275
275
275
275
274
274
275
275
275
275
276
277
277
277
279
279
280
280
281
282
282
283
284
283
284
285
286
285
285
286
287
286
286
288
288
288
288
289
289
288
289
291
291
291
293
294
294
296
297
298
299
300
300
301
300
300
300
299
297
295
296
294
293
292
293
292
290
290
291
290
290
290
290
290
289
288
287
287
291
303
319
337
356
367
367
359
350
341
331
322
316
312
308
304
302
300
297
295
295
294
292
292
292
292
291
291
293
294
294
294
297
298
299
300
303
305
306
309
312
314
316
318
320
321
322
323
324
323
322
321
319
315
312
309
306
302
299
297
294
290
288
286
284
282
281
280
279
277
277
277
276
276
277
276
276
276
278
278
278
279
280
280
280
281
283
282
283
283
284
284
284
285
286
285
286
287
288
287
287
288
288
288
288
289
289
288
289
290
290
290
290
292
291
291
291
292
292
292
294
295
295
295
297
298
299
300
302
303
303
303
304
304
303
303
302
301
299
299
298
297
296
295
296
294
294
294
294
294
293
294
294
293
291
291
291
293
301
316
334
351
363
365
359
350
340
331
322
316
311
308
305
302
301
299
297
296
296
295
294
293
294
295
294
294
296
297
297
298
300
301
302
304
307
308
310
313
316
318
320
322
323
325
325
326
326
325
323
322
320
316
314
312
308
304
301
299
296
292
290
289
286
284
283
283
281
280
280
280
279
279
280
280
280
280
281
282
281
282
283
283
283
283
285
285
284
285
287
286
286
287
288
287
286
287
288
287
287
288
288
288
287
288
288
287
287
287
286
286
286
286
286
285
286
287
287
287
289
290
290
290
291
292
291
290
290
290
289
289
290
290
289
289
291
291
291
292
293
293
293
294
295
293
293
295
302
312
328
347
366
373
373
367
358
347
339
333
327
322
319
317
314
311
309
309
307
305
305
305
304
303
304
304
304
304
306
307
307
308
310
312
313
315
318
320
321
324
327
328
329
331
333
333
332
332
332
329
326
325
323
318
314
312
308
304
301
299
296
292
291
290
288
286
285
285
283
282
282
283
282
281
282
283
282
282
283
284
284
283
285
285
285
285
286
287
286
286
288
287
286
287
288
288
287
288
289
288
287
289
289
289
289
289
290
289
289
290
291
290
290
292
292
291
291
292
292
292
293
294
293
293
293
294
294
293
294
295
294
294
295
296
295
295
296
297
296
296
297
298
296
296
297
297
296
297
298
297
297
298
299
299
299
300
301
301
302
303
304
303
303
304
304
303
302
303
302
300
299
299
298
296
297
297
296
295
295
296
295
294
295
294
292
291
292
296
303
318
337
357
371
375
373
364
353
343
336
328
322
317
313
309
304
302
299
296
293
293
292
290
289
290
289
288
289
290
291
290
292
294
295
296
298
301
303
304
307
310
312
313
316
318
318
319
320
320
318
317
316
314
310
308
305
302
298
295
293
289
286
284
283
280
278
278
277
275
274
275
275
274
274
275
276
275
275
277
278
278
278
280
280
280
281
282
282
282
282
284
284
283
284
285
285
284
286
286
285
285
287
288
286
286
287
287
287
287
289
288
287
288
289
289
288
289
290
290
290
290
291
291
290
292
292
292
291
292
293
292
292
293
293
292
293
294
294
293
294
295
295
294
295
296
295
294
296
296
296
296
297
297
296
296
298
298
297
297
298
299
297
297
298
298
297
297
297
297
296
296
296
295
294
294
295
293
293
294
295
295
296
298
298
297
298
299
299
298
298
299
298
297
297
298
297
297
298
299
298
297
298
298
295
295
297
303
313
330
348
363
368
365
358
349
339
330
324
319
314
311
309
305
303
302
300
298
296
296
296
295
295
296
296
295
296
297
298
298
299
301
302
303
305
308
309
311
313
316
317
319
321
323
323
323
323
323
321
320
318
316
312
309
307
304
300
296
294
291
288
286
285
283
280
280
279
278
277
277
277
276
276
277
277
277
277
279
279
279
279
280
281
281
281
283
283
283
283
285
285
285
285
286
286
285
287
288
287
287
288
289
288
288
289
290
289
289
290
291
290
291
293
293
293
294
295
295
296
298
299
299
299
300
301
300
300
300
299
298
297
297
296
295
295
296
295
294
295
295
295
294
295
294
292
291
293
299
308
323
341
356
363
360
354
345
335
326
320
315
310
307
305
303
300
299
298
297
296
296
296
295
295
296
297
296
297
298
299
300
301
303
304
305
307
310
312
314
317
320
321
323
325
326
327
326
326
326
324
322
319
317
313
310
307
304
300
297
294
292
289
287
285
284
281
281
281
279
278
279
279
279
278
279
280
279
281
283
282
281
283
285
284
284
286
288
289
289
290
291
291
291
292
292
292
292
292
293
292
292
292
293
293
293
294
296
296
296
298
299
299
300
302
302
301
302
303
302
301
300
299
298
296
295
295
294
293
293
293
292
291
291
292
290
290
290
288
288
290
297
310
327
346
363
369
366
358
349
338
329
322
317
313
308
305
303
299
297
296
295
292
292
292
291
290
291
292
292
292
294
295
296
297
299
301
302
304
307
310
312
314
317
319
320
322
324
324
324
324
323
321
318
317
314
310
307
303
300
297
293
290
288
286
283
282
281
279
278
278
277
276
277
277
277
277
277
279
279
278
279
280
281
281
282
283
283
283
285
286
286
286
286
287
287
287
288
289
288
289
291
289
289
290
291
290
290
292
293
292
293
296
297
296
297
300
300
300
301
303
302
301
302
303
300
298
298
298
295
294
295
294
292
292
292
293
291
291
292
291
289
289
289
289
290
300
316
334
353
368
373
368
358
350
340
330
323
319
315
309
305
304
301
297
295
295
294
291
291
292
291
290
291
293
293
292
294
296
297
297
300
303
304
305
310
313
313
316
319
321
322
323
325
324
323
322
322
319
315
313
311
307
302
299
298
293
289
288
287
283
281
281
281
278
277
278
278
276
276
278
278
277
278
280
280
278
280
282
281
280
282
284
283
283
285
286
285
284
286
287
286
286
288
288
286
287
289
289
288
288
290
289
288
289
291
290
289
290
292
290
290
291
292
291
291
293
293
292
293
296
296
295
296
299
299
299
300
302
301
300
301
302
300
299
299
299
297
296
297
296
294
294
296
294
293
293
295
294
292
293
293
291
289
291
297
307
322
343
362
371
370
365
356
345
334
327
322
315
311
309
305
301
299
299
296
293
293
293
292
290
291
292
291
291
293
295
294
295
298
300
300
302
305
308
308
311
315
317
317
319
322
322
321
322
323
321
318
317
315
311
307
305
303
298
294
293
290
286
283
283
282
278
278
278
277
275
275
277
276
274
275
277
277
276
278
279
278
278
280
282
280
281
283
283
282
282
284
285
283
284
286
286
284
285
287
286
285
288
290
289
289
291
293
293
293
296
298
297
297
299
299
297
296
296
294
292
291
292
290
288
288
289
288
286
287
288
286
286
287
287
285
283
284
287
292
304
323
343
355
359
356
347
336
327
320
312
307
304
302
299
296
296
296
294
292
293
294
292
292
294
295
294
294
297
298
298
299
302
303
304
306
310
311
312
316
319
320
320
323
326
325
325
327
326
324
321
321
318
313
310
308
305
300
297
296
292
288
286
285
283
281
280
280
278
276
277
278
277
275
277
278
276
276
278
279
278
278
280
281
279
280
282
282
281
283
284
284
283
285
286
285
285
287
288
287
288
291
292
291
292
295
297
297
298
301
302
301
302
304
303
301
301
301
299
297
297
298
296
294
295
296
294
294
295
295
294
293
295
294
291
291
294
300
308
325
344
360
365
364
358
347
336
329
322
316
311
310
307
304
301
301
300
297
297
298
298
296
296
298
297
297
298
300
300
300
302
304
305
306
309
313
313
314
318
320
321
322
326
327
325
325
326
325
322
320
319
315
311
308
306
302
297
295
294
289
286
286
285
282
279
280
280
278
277
277
278
276
276
277
278
277
277
279
279
278
278
280
280
279
280
282
280
279
281
281
280
279
280
281
279
279
280
280
279
279
281
281
279
280
282
281
280
281
283
282
281
283
284
282
281
283
284
283
283
286
287
286
287
290
291
290
292
294
294
294
294
296
296
293
294
295
293
292
293
294
292
291
293
294
293
292
295
296
295
295
296
295
293
295
301
310
325
345
365
377
384
376
367
356
344
338
332
326
321
319
317
314
310
309
308
304
304
308
303
300
300
303
303
301
302
304
304
304
307
309
309
310
314
317
318
319
323
326
326
327
331
332
331
331
332
330
327
326
324
321
316
314
312
308
303
301
299
296
292
292
290
287
285
286
286
283
282
284
283
281
282
283
283
282
283
285
284
283
285
286
286
284
286
288
287
286
288
288
287
287
288
288
287
287
289
289
287
287
289
289
287
288
290
289
288
289
291
290
289
290
291
290
289
291
292
290
290
292
292
291
291
293
293
292
294
296
296
295
297
300
299
299
300
302
301
300
301
302
300
299
299
299
297
295
297
296
294
294
295
295
293
293
295
294
293
293
294
291
289
292
296
305
320
341
362
372
375
371
362
351
340
333
327
320
315
312
308
304
301
300
296
294
293
293
292
290
290
292
291
290
292
293
293
293
296
298
298
299
303
306
306
309
313
314
315
318
320
320
320
321
321
319
317
316
314
310
306
305
302
296
293
292
289
285
283
282
280
278
276
277
276
274
274
276
275
273
275
276
275
275
277
279
277
277
279
281
281
281
282
283
283
285
287
287
288
285
287
286
285
286
288
288
287
288
